world: eaa81554-90a1-489c-902f-f104ce8a5bf4
world-name: world
x: -15.499484253960263
y: 71.0
z: 64.67662196809161
yaw: 0.918212890625
pitch: 37.800106048583984
name: lobby
lastowner: 70a9b541-e6e9-3990-9e1e-0c95cddf8b1f
